# transform file /usr/local/freesurfer/subjects/3257/mri/transforms/cc_up.lta
# created by ubuntu on Tue Jan 23 12:35:20 2018

type      = 0 # LINEAR_VOX_TO_VOX
nxforms   = 1
mean      = 131.0000 105.0000 118.0000
sigma     = 10000.0000
1 4 4
9.998129010200500e-01 -1.498140767216682e-02 -1.224204991012812e-02 8.780586719512939e-01 
1.498028542846441e-02 9.998878240585327e-01 -1.834237045841292e-04 5.108691024780273e+01 
1.224342454224825e-02 -1.455191696309033e-11 9.999250769615173e-01 1.342106628417969e+01 
0.000000000000000e+00 0.000000000000000e+00 0.000000000000000e+00 1.000000000000000e+00 
src volume info
valid = 1  # volume info valid
filename = /usr/local/freesurfer/subjects/3257/mri/norm.mgz
volume = 256 256 256
voxelsize = 1.000000000000000e+00 1.000000000000000e+00 1.000000000000000e+00
xras   = -1.000000000000000e+00 0.000000000000000e+00 0.000000000000000e+00
yras   = 0.000000000000000e+00 0.000000000000000e+00 -1.000000000000000e+00
zras   = 0.000000000000000e+00 1.000000000000000e+00 0.000000000000000e+00
cras   = 1.942360687255859e+02 2.957565002441406e+02 5.456387939453125e+02
dst volume info
valid = 1  # volume info valid
filename = /usr/local/freesurfer/subjects/3257/mri/norm.mgz
volume = 256 256 256
voxelsize = 1.000000000000000e+00 1.000000000000000e+00 1.000000000000000e+00
xras   = -1.000000000000000e+00 0.000000000000000e+00 0.000000000000000e+00
yras   = 0.000000000000000e+00 0.000000000000000e+00 -1.000000000000000e+00
zras   = 0.000000000000000e+00 1.000000000000000e+00 0.000000000000000e+00
cras   = 1.942360687255859e+02 2.957565002441406e+02 5.456387939453125e+02
