# transform file transforms/talairach_with_skull.lta
# created by ubuntu on Tue Jan 23 04:44:06 2018

type      = 0 # LINEAR_VOX_TO_VOX
nxforms   = 1
mean      = 132.0000 123.0000 128.0000
sigma     = 10000.0000
1 4 4
1.013636469841003e+00 -2.215600386261940e-02 -7.107941806316376e-02 3.065142631530762e+00 
3.137150034308434e-02 1.023612260818481e+00 1.657241284847260e-01 -6.508441925048828e+00 
6.298369169235229e-02 -1.611534059047699e-01 9.834522604942322e-01 1.531676650047302e+00 
0.000000000000000e+00 0.000000000000000e+00 0.000000000000000e+00 1.000000000000000e+00 
src volume info
valid = 1  # volume info valid
filename = nu.mgz
volume = 256 256 256
voxelsize = 1.000000000000000e+00 1.000000000000000e+00 1.000000000000000e+00
xras   = -1.000000000000000e+00 0.000000000000000e+00 0.000000000000000e+00
yras   = 0.000000000000000e+00 0.000000000000000e+00 -1.000000000000000e+00
zras   = 0.000000000000000e+00 1.000000000000000e+00 0.000000000000000e+00
cras   = 1.942360687255859e+02 2.957565002441406e+02 5.456387939453125e+02
dst volume info
valid = 1  # volume info valid
filename = /usr/local/freesurfer/average/RB_all_withskull_2016-05-10.vc700.gca
volume = 256 256 256
voxelsize = 1.000000000000000e+00 1.000000000000000e+00 1.000000000000000e+00
xras   = -1.000000000000000e+00 0.000000000000000e+00 0.000000000000000e+00
yras   = 0.000000000000000e+00 0.000000000000000e+00 -1.000000000000000e+00
zras   = 0.000000000000000e+00 1.000000000000000e+00 0.000000000000000e+00
cras   = 0.000000000000000e+00 0.000000000000000e+00 0.000000000000000e+00
