# transform file /usr/local/freesurfer/subjects/4100/mri/transforms/cc_up.lta
# created by ubuntu on Mon Jan 29 05:54:05 2018

type      = 0 # LINEAR_VOX_TO_VOX
nxforms   = 1
mean      = 129.0000 116.0000 120.0000
sigma     = 10000.0000
1 4 4
9.978883266448975e-01 6.482851505279541e-02 4.011758603155613e-03 -7.356787681579590e+00 
-6.482799351215363e-02 9.978963732719421e-01 -2.606246271170676e-04 4.366239929199219e+01 
-4.020215477794409e-03 0.000000000000000e+00 9.999919533729553e-01 2.152419281005859e+01 
0.000000000000000e+00 0.000000000000000e+00 0.000000000000000e+00 1.000000000000000e+00 
src volume info
valid = 1  # volume info valid
filename = /usr/local/freesurfer/subjects/4100/mri/norm.mgz
volume = 256 256 256
voxelsize = 1.000000000000000e+00 1.000000000000000e+00 1.000000000000000e+00
xras   = -1.000000000000000e+00 0.000000000000000e+00 0.000000000000000e+00
yras   = 0.000000000000000e+00 0.000000000000000e+00 -1.000000000000000e+00
zras   = 0.000000000000000e+00 1.000000000000000e+00 0.000000000000000e+00
cras   = 1.879152526855469e+02 3.063813476562500e+02 4.965084838867188e+02
dst volume info
valid = 1  # volume info valid
filename = /usr/local/freesurfer/subjects/4100/mri/norm.mgz
volume = 256 256 256
voxelsize = 1.000000000000000e+00 1.000000000000000e+00 1.000000000000000e+00
xras   = -1.000000000000000e+00 0.000000000000000e+00 0.000000000000000e+00
yras   = 0.000000000000000e+00 0.000000000000000e+00 -1.000000000000000e+00
zras   = 0.000000000000000e+00 1.000000000000000e+00 0.000000000000000e+00
cras   = 1.879152526855469e+02 3.063813476562500e+02 4.965084838867188e+02
