# transform file /usr/local/freesurfer/subjects/3828/mri/transforms/cc_up.lta
# created by ubuntu on Sat Jan 27 10:36:02 2018

type      = 0 # LINEAR_VOX_TO_VOX
nxforms   = 1
mean      = 131.0000 100.0000 119.0000
sigma     = 10000.0000
1 4 4
9.994414448738098e-01 6.614483892917633e-03 -3.275747969746590e-02 2.744936466217041e+00 
-6.610933691263199e-03 9.999781250953674e-01 2.166785416193306e-04 4.683333587646484e+01 
3.275819867849350e-02 1.455191522836685e-11 9.994633197784424e-01 1.281997489929199e+01 
0.000000000000000e+00 0.000000000000000e+00 0.000000000000000e+00 1.000000000000000e+00 
src volume info
valid = 1  # volume info valid
filename = /usr/local/freesurfer/subjects/3828/mri/norm.mgz
volume = 256 256 256
voxelsize = 1.000000000000000e+00 1.000000000000000e+00 1.000000000000000e+00
xras   = -1.000000000000000e+00 0.000000000000000e+00 0.000000000000000e+00
yras   = 0.000000000000000e+00 0.000000000000000e+00 -1.000000000000000e+00
zras   = 0.000000000000000e+00 1.000000000000000e+00 0.000000000000000e+00
cras   = 2.095141296386719e+02 2.754976196289062e+02 5.228024291992188e+02
dst volume info
valid = 1  # volume info valid
filename = /usr/local/freesurfer/subjects/3828/mri/norm.mgz
volume = 256 256 256
voxelsize = 1.000000000000000e+00 1.000000000000000e+00 1.000000000000000e+00
xras   = -1.000000000000000e+00 0.000000000000000e+00 0.000000000000000e+00
yras   = 0.000000000000000e+00 0.000000000000000e+00 -1.000000000000000e+00
zras   = 0.000000000000000e+00 1.000000000000000e+00 0.000000000000000e+00
cras   = 2.095141296386719e+02 2.754976196289062e+02 5.228024291992188e+02
