# transform file /usr/local/freesurfer/subjects/3850/mri/transforms/cc_up.lta
# created by ubuntu on Sat Jan 27 11:22:58 2018

type      = 0 # LINEAR_VOX_TO_VOX
nxforms   = 1
mean      = 129.0000 114.0000 112.0000
sigma     = 10000.0000
1 4 4
9.964572787284851e-01 7.395882904529572e-02 -4.003933444619179e-02 -4.464256286621094e+00 
-7.389920204877853e-02 9.972613453865051e-01 2.969394670799375e-03 4.750249099731445e+01 
4.014929011464119e-02 0.000000000000000e+00 9.991937875747681e-01 2.088892173767090e+01 
0.000000000000000e+00 0.000000000000000e+00 0.000000000000000e+00 1.000000000000000e+00 
src volume info
valid = 1  # volume info valid
filename = /usr/local/freesurfer/subjects/3850/mri/norm.mgz
volume = 256 256 256
voxelsize = 1.000000000000000e+00 1.000000000000000e+00 1.000000000000000e+00
xras   = -1.000000000000000e+00 0.000000000000000e+00 0.000000000000000e+00
yras   = 0.000000000000000e+00 0.000000000000000e+00 -1.000000000000000e+00
zras   = 0.000000000000000e+00 1.000000000000000e+00 0.000000000000000e+00
cras   = 1.764818725585938e+02 2.686014099121094e+02 5.021666259765625e+02
dst volume info
valid = 1  # volume info valid
filename = /usr/local/freesurfer/subjects/3850/mri/norm.mgz
volume = 256 256 256
voxelsize = 1.000000000000000e+00 1.000000000000000e+00 1.000000000000000e+00
xras   = -1.000000000000000e+00 0.000000000000000e+00 0.000000000000000e+00
yras   = 0.000000000000000e+00 0.000000000000000e+00 -1.000000000000000e+00
zras   = 0.000000000000000e+00 1.000000000000000e+00 0.000000000000000e+00
cras   = 1.764818725585938e+02 2.686014099121094e+02 5.021666259765625e+02
