# transform file transforms/talairach_with_skull.lta
# created by ubuntu on Sat Jan 27 02:30:53 2018

type      = 0 # LINEAR_VOX_TO_VOX
nxforms   = 1
mean      = 134.0000 145.0000 124.0000
sigma     = 10000.0000
1 4 4
1.114794850349426e+00 6.887971609830856e-02 -4.860778525471687e-02 -2.148656845092773e+01 
-7.013644278049469e-02 1.182867407798767e+00 1.503755301237106e-01 -1.398486804962158e+01 
6.502498686313629e-02 -1.309866458177567e-01 1.069185376167297e+00 -2.692953586578369e+00 
0.000000000000000e+00 0.000000000000000e+00 0.000000000000000e+00 1.000000000000000e+00 
src volume info
valid = 1  # volume info valid
filename = nu.mgz
volume = 256 256 256
voxelsize = 1.000000000000000e+00 1.000000000000000e+00 1.000000000000000e+00
xras   = -1.000000000000000e+00 0.000000000000000e+00 0.000000000000000e+00
yras   = 0.000000000000000e+00 0.000000000000000e+00 -1.000000000000000e+00
zras   = 0.000000000000000e+00 1.000000000000000e+00 0.000000000000000e+00
cras   = 1.764818725585938e+02 2.686014099121094e+02 5.021666259765625e+02
dst volume info
valid = 1  # volume info valid
filename = /usr/local/freesurfer/average/RB_all_withskull_2016-05-10.vc700.gca
volume = 256 256 256
voxelsize = 1.000000000000000e+00 1.000000000000000e+00 1.000000000000000e+00
xras   = -1.000000000000000e+00 0.000000000000000e+00 0.000000000000000e+00
yras   = 0.000000000000000e+00 0.000000000000000e+00 -1.000000000000000e+00
zras   = 0.000000000000000e+00 1.000000000000000e+00 0.000000000000000e+00
cras   = 0.000000000000000e+00 0.000000000000000e+00 0.000000000000000e+00
