# transform file /usr/local/freesurfer/subjects/3430/mri/transforms/cc_up.lta
# created by ubuntu on Thu Jan 25 05:17:48 2018

type      = 0 # LINEAR_VOX_TO_VOX
nxforms   = 1
mean      = 128.0000 111.0000 116.0000
sigma     = 10000.0000
1 4 4
9.991112947463989e-01 -5.127674899995327e-03 4.183919355273247e-02 -2.487207889556885e+00 
5.123184528201818e-03 9.999869465827942e-01 2.145405742339790e-04 3.432966995239258e+01 
-4.183974117040634e-02 1.455191696309033e-11 9.991244077682495e-01 2.939323616027832e+01 
0.000000000000000e+00 0.000000000000000e+00 0.000000000000000e+00 1.000000000000000e+00 
src volume info
valid = 1  # volume info valid
filename = /usr/local/freesurfer/subjects/3430/mri/norm.mgz
volume = 256 256 256
voxelsize = 1.000000000000000e+00 1.000000000000000e+00 1.000000000000000e+00
xras   = -1.000000000000000e+00 0.000000000000000e+00 0.000000000000000e+00
yras   = 0.000000000000000e+00 0.000000000000000e+00 -1.000000000000000e+00
zras   = 0.000000000000000e+00 1.000000000000000e+00 0.000000000000000e+00
cras   = 1.953720245361328e+02 3.032496948242188e+02 5.255310668945312e+02
dst volume info
valid = 1  # volume info valid
filename = /usr/local/freesurfer/subjects/3430/mri/norm.mgz
volume = 256 256 256
voxelsize = 1.000000000000000e+00 1.000000000000000e+00 1.000000000000000e+00
xras   = -1.000000000000000e+00 0.000000000000000e+00 0.000000000000000e+00
yras   = 0.000000000000000e+00 0.000000000000000e+00 -1.000000000000000e+00
zras   = 0.000000000000000e+00 1.000000000000000e+00 0.000000000000000e+00
cras   = 1.953720245361328e+02 3.032496948242188e+02 5.255310668945312e+02
