# transform file /usr/local/freesurfer/subjects/3544/mri/transforms/cc_up.lta
# created by ubuntu on Fri Jan 26 06:46:44 2018

type      = 0 # LINEAR_VOX_TO_VOX
nxforms   = 1
mean      = 131.0000 107.0000 115.0000
sigma     = 10000.0000
1 4 4
9.998629689216614e-01 1.567142829298973e-02 5.337772890925407e-03 -3.229350566864014e+00 
-1.567120477557182e-02 9.998772144317627e-01 -8.366080146515742e-05 4.406191253662109e+01 
-5.338429007679224e-03 0.000000000000000e+00 9.999857544898987e-01 2.569732666015625e+01 
0.000000000000000e+00 0.000000000000000e+00 0.000000000000000e+00 1.000000000000000e+00 
src volume info
valid = 1  # volume info valid
filename = /usr/local/freesurfer/subjects/3544/mri/norm.mgz
volume = 256 256 256
voxelsize = 1.000000000000000e+00 1.000000000000000e+00 1.000000000000000e+00
xras   = -9.999999403953552e-01 0.000000000000000e+00 0.000000000000000e+00
yras   = 0.000000000000000e+00 0.000000000000000e+00 -9.999999403953552e-01
zras   = 0.000000000000000e+00 9.999999403953552e-01 0.000000000000000e+00
cras   = 2.270318450927734e+02 3.108054504394531e+02 5.567506103515625e+02
dst volume info
valid = 1  # volume info valid
filename = /usr/local/freesurfer/subjects/3544/mri/norm.mgz
volume = 256 256 256
voxelsize = 1.000000000000000e+00 1.000000000000000e+00 1.000000000000000e+00
xras   = -9.999999403953552e-01 0.000000000000000e+00 0.000000000000000e+00
yras   = 0.000000000000000e+00 0.000000000000000e+00 -9.999999403953552e-01
zras   = 0.000000000000000e+00 9.999999403953552e-01 0.000000000000000e+00
cras   = 2.270318450927734e+02 3.108054504394531e+02 5.567506103515625e+02
