# transform file /usr/local/freesurfer/subjects/3451/mri/transforms/cc_up.lta
# created by ubuntu on Thu Jan 25 06:04:23 2018

type      = 0 # LINEAR_VOX_TO_VOX
nxforms   = 1
mean      = 129.0000 108.0000 109.0000
sigma     = 10000.0000
1 4 4
9.943503737449646e-01 9.373094141483307e-02 -4.981841519474983e-02 -3.027021408081055e+00 
-9.361352026462555e-02 9.955976009368896e-01 4.690175410360098e-03 4.701850509643555e+01 
5.003870651125908e-02 -4.656612873077393e-10 9.987472295761108e-01 2.667551040649414e+01 
0.000000000000000e+00 0.000000000000000e+00 0.000000000000000e+00 1.000000000000000e+00 
src volume info
valid = 1  # volume info valid
filename = /usr/local/freesurfer/subjects/3451/mri/norm.mgz
volume = 256 256 256
voxelsize = 1.000000000000000e+00 1.000000000000000e+00 1.000000000000000e+00
xras   = -9.999999403953552e-01 0.000000000000000e+00 0.000000000000000e+00
yras   = 0.000000000000000e+00 0.000000000000000e+00 -9.999999403953552e-01
zras   = 0.000000000000000e+00 9.999999403953552e-01 0.000000000000000e+00
cras   = 1.552229309082031e+02 2.961596069335938e+02 5.272318115234375e+02
dst volume info
valid = 1  # volume info valid
filename = /usr/local/freesurfer/subjects/3451/mri/norm.mgz
volume = 256 256 256
voxelsize = 1.000000000000000e+00 1.000000000000000e+00 1.000000000000000e+00
xras   = -9.999999403953552e-01 0.000000000000000e+00 0.000000000000000e+00
yras   = 0.000000000000000e+00 0.000000000000000e+00 -9.999999403953552e-01
zras   = 0.000000000000000e+00 9.999999403953552e-01 0.000000000000000e+00
cras   = 1.552229309082031e+02 2.961596069335938e+02 5.272318115234375e+02
