# transform file /usr/local/freesurfer/subjects/3185/mri/transforms/cc_up.lta
# created by ubuntu on Mon Jan 22 08:28:54 2018

type      = 0 # LINEAR_VOX_TO_VOX
nxforms   = 1
mean      = 129.0000 108.0000 114.0000
sigma     = 10000.0000
1 4 4
9.999497532844543e-01 7.689211517572403e-03 -6.430515088140965e-03 -2.591408975422382e-02 
-7.689052727073431e-03 9.999704360961914e-01 4.944705506204627e-05 4.198187637329102e+01 
6.430705077946186e-03 0.000000000000000e+00 9.999793171882629e-01 2.817891311645508e+01 
0.000000000000000e+00 0.000000000000000e+00 0.000000000000000e+00 1.000000000000000e+00 
src volume info
valid = 1  # volume info valid
filename = /usr/local/freesurfer/subjects/3185/mri/norm.mgz
volume = 256 256 256
voxelsize = 1.000000000000000e+00 1.000000000000000e+00 1.000000000000000e+00
xras   = -1.000000000000000e+00 0.000000000000000e+00 0.000000000000000e+00
yras   = 0.000000000000000e+00 0.000000000000000e+00 -1.000000000000000e+00
zras   = 0.000000000000000e+00 1.000000000000000e+00 0.000000000000000e+00
cras   = 2.032575073242188e+02 2.513743591308594e+02 5.252045288085938e+02
dst volume info
valid = 1  # volume info valid
filename = /usr/local/freesurfer/subjects/3185/mri/norm.mgz
volume = 256 256 256
voxelsize = 1.000000000000000e+00 1.000000000000000e+00 1.000000000000000e+00
xras   = -1.000000000000000e+00 0.000000000000000e+00 0.000000000000000e+00
yras   = 0.000000000000000e+00 0.000000000000000e+00 -1.000000000000000e+00
zras   = 0.000000000000000e+00 1.000000000000000e+00 0.000000000000000e+00
cras   = 2.032575073242188e+02 2.513743591308594e+02 5.252045288085938e+02
