# transform file /usr/local/freesurfer/subjects/3260/mri/transforms/cc_up.lta
# created by ubuntu on Tue Jan 23 13:16:40 2018

type      = 0 # LINEAR_VOX_TO_VOX
nxforms   = 1
mean      = 128.0000 114.0000 117.0000
sigma     = 10000.0000
1 4 4
9.970698356628418e-01 7.082098722457886e-02 -2.892044372856617e-02 -5.149300098419189e+00 
-7.079121470451355e-02 9.974892139434814e-01 2.053329953923821e-03 5.016350555419922e+01 
2.899324335157871e-02 0.000000000000000e+00 9.995797276496887e-01 1.429020977020264e+01 
0.000000000000000e+00 0.000000000000000e+00 0.000000000000000e+00 1.000000000000000e+00 
src volume info
valid = 1  # volume info valid
filename = /usr/local/freesurfer/subjects/3260/mri/norm.mgz
volume = 256 256 256
voxelsize = 1.000000000000000e+00 1.000000000000000e+00 1.000000000000000e+00
xras   = -1.000000000000000e+00 0.000000000000000e+00 0.000000000000000e+00
yras   = 0.000000000000000e+00 0.000000000000000e+00 -1.000000000000000e+00
zras   = 0.000000000000000e+00 1.000000000000000e+00 0.000000000000000e+00
cras   = 1.874070434570312e+02 2.923417968750000e+02 5.422238159179688e+02
dst volume info
valid = 1  # volume info valid
filename = /usr/local/freesurfer/subjects/3260/mri/norm.mgz
volume = 256 256 256
voxelsize = 1.000000000000000e+00 1.000000000000000e+00 1.000000000000000e+00
xras   = -1.000000000000000e+00 0.000000000000000e+00 0.000000000000000e+00
yras   = 0.000000000000000e+00 0.000000000000000e+00 -1.000000000000000e+00
zras   = 0.000000000000000e+00 1.000000000000000e+00 0.000000000000000e+00
cras   = 1.874070434570312e+02 2.923417968750000e+02 5.422238159179688e+02
