# transform file /usr/local/freesurfer/subjects/3253/mri/transforms/cc_up.lta
# created by ubuntu on Tue Jan 23 11:51:00 2018

type      = 0 # LINEAR_VOX_TO_VOX
nxforms   = 1
mean      = 131.0000 100.0000 122.0000
sigma     = 10000.0000
1 4 4
9.988876581192017e-01 -3.087548539042473e-02 3.564238920807838e-02 -2.492362260818481e+00 
3.085584752261639e-02 9.995234012603760e-01 1.101000816561282e-03 4.993377304077148e+01 
-3.565938770771027e-02 0.000000000000000e+00 9.993640780448914e-01 2.267002487182617e+01 
0.000000000000000e+00 0.000000000000000e+00 0.000000000000000e+00 1.000000000000000e+00 
src volume info
valid = 1  # volume info valid
filename = /usr/local/freesurfer/subjects/3253/mri/norm.mgz
volume = 256 256 256
voxelsize = 1.000000000000000e+00 1.000000000000000e+00 1.000000000000000e+00
xras   = -1.000000000000000e+00 0.000000000000000e+00 0.000000000000000e+00
yras   = 0.000000000000000e+00 0.000000000000000e+00 -1.000000000000000e+00
zras   = 0.000000000000000e+00 1.000000000000000e+00 0.000000000000000e+00
cras   = 1.891140899658203e+02 2.923438110351562e+02 5.473438110351562e+02
dst volume info
valid = 1  # volume info valid
filename = /usr/local/freesurfer/subjects/3253/mri/norm.mgz
volume = 256 256 256
voxelsize = 1.000000000000000e+00 1.000000000000000e+00 1.000000000000000e+00
xras   = -1.000000000000000e+00 0.000000000000000e+00 0.000000000000000e+00
yras   = 0.000000000000000e+00 0.000000000000000e+00 -1.000000000000000e+00
zras   = 0.000000000000000e+00 1.000000000000000e+00 0.000000000000000e+00
cras   = 1.891140899658203e+02 2.923438110351562e+02 5.473438110351562e+02
