# transform file /usr/local/freesurfer/subjects/3429/mri/transforms/cc_up.lta
# created by ubuntu on Thu Jan 25 04:37:53 2018

type      = 0 # LINEAR_VOX_TO_VOX
nxforms   = 1
mean      = 129.0000 106.0000 103.0000
sigma     = 10000.0000
1 4 4
9.983457922935486e-01 -3.249401599168777e-02 4.743368178606033e-02 -2.356444358825684e+00 
3.245740383863449e-02 9.994719624519348e-01 1.542125246487558e-03 4.772180175781250e+01 
-4.745874181389809e-02 -1.164153357047226e-10 9.988732337951660e-01 4.321153640747070e+01 
0.000000000000000e+00 0.000000000000000e+00 0.000000000000000e+00 1.000000000000000e+00 
src volume info
valid = 1  # volume info valid
filename = /usr/local/freesurfer/subjects/3429/mri/norm.mgz
volume = 256 256 256
voxelsize = 1.000000000000000e+00 1.000000000000000e+00 1.000000000000000e+00
xras   = -1.000000000000000e+00 0.000000000000000e+00 0.000000000000000e+00
yras   = 0.000000000000000e+00 0.000000000000000e+00 -1.000000000000000e+00
zras   = 0.000000000000000e+00 1.000000000000000e+00 0.000000000000000e+00
cras   = 1.625187835693359e+02 3.074205322265625e+02 5.249461059570312e+02
dst volume info
valid = 1  # volume info valid
filename = /usr/local/freesurfer/subjects/3429/mri/norm.mgz
volume = 256 256 256
voxelsize = 1.000000000000000e+00 1.000000000000000e+00 1.000000000000000e+00
xras   = -1.000000000000000e+00 0.000000000000000e+00 0.000000000000000e+00
yras   = 0.000000000000000e+00 0.000000000000000e+00 -1.000000000000000e+00
zras   = 0.000000000000000e+00 1.000000000000000e+00 0.000000000000000e+00
cras   = 1.625187835693359e+02 3.074205322265625e+02 5.249461059570312e+02
