# transform file /usr/local/freesurfer/subjects/3851/mri/transforms/cc_up.lta
# created by ubuntu on Sat Jan 27 10:38:10 2018

type      = 0 # LINEAR_VOX_TO_VOX
nxforms   = 1
mean      = 128.0000 108.0000 120.0000
sigma     = 10000.0000
1 4 4
9.999075531959534e-01 -1.127904374152422e-02 7.609516847878695e-03 1.408602744340897e-01 
1.127871777862310e-02 9.999365210533142e-01 8.583352610003203e-05 3.955224609375000e+01 
-7.610001135617495e-03 0.000000000000000e+00 9.999711513519287e-01 1.697732162475586e+01 
0.000000000000000e+00 0.000000000000000e+00 0.000000000000000e+00 1.000000000000000e+00 
src volume info
valid = 1  # volume info valid
filename = /usr/local/freesurfer/subjects/3851/mri/norm.mgz
volume = 256 256 256
voxelsize = 1.000000000000000e+00 1.000000000000000e+00 1.000000000000000e+00
xras   = -1.000000000000000e+00 0.000000000000000e+00 0.000000000000000e+00
yras   = 0.000000000000000e+00 0.000000000000000e+00 -1.000000000000000e+00
zras   = 0.000000000000000e+00 1.000000000000000e+00 0.000000000000000e+00
cras   = 2.119172363281250e+02 2.912747802734375e+02 4.969649658203125e+02
dst volume info
valid = 1  # volume info valid
filename = /usr/local/freesurfer/subjects/3851/mri/norm.mgz
volume = 256 256 256
voxelsize = 1.000000000000000e+00 1.000000000000000e+00 1.000000000000000e+00
xras   = -1.000000000000000e+00 0.000000000000000e+00 0.000000000000000e+00
yras   = 0.000000000000000e+00 0.000000000000000e+00 -1.000000000000000e+00
zras   = 0.000000000000000e+00 1.000000000000000e+00 0.000000000000000e+00
cras   = 2.119172363281250e+02 2.912747802734375e+02 4.969649658203125e+02
