# transform file /usr/local/freesurfer/subjects/3453/mri/transforms/cc_up.lta
# created by ubuntu on Thu Jan 25 05:36:40 2018

type      = 0 # LINEAR_VOX_TO_VOX
nxforms   = 1
mean      = 130.0000 106.0000 116.0000
sigma     = 10000.0000
1 4 4
9.919341206550598e-01 -5.659502930939198e-03 -1.266279816627502e-01 1.310913372039795e+01 
5.613944027572870e-03 9.999839663505554e-01 -7.166629075072706e-04 3.634830093383789e+01 
1.266300082206726e-01 -5.820766091346741e-11 9.919499754905701e-01 -6.497030258178711e-01 
0.000000000000000e+00 0.000000000000000e+00 0.000000000000000e+00 1.000000000000000e+00 
src volume info
valid = 1  # volume info valid
filename = /usr/local/freesurfer/subjects/3453/mri/norm.mgz
volume = 256 256 256
voxelsize = 1.000000000000000e+00 1.000000000000000e+00 1.000000000000000e+00
xras   = -9.999999403953552e-01 0.000000000000000e+00 0.000000000000000e+00
yras   = 0.000000000000000e+00 0.000000000000000e+00 -9.999999403953552e-01
zras   = 0.000000000000000e+00 9.999999403953552e-01 0.000000000000000e+00
cras   = 2.058138427734375e+02 2.950001831054688e+02 4.927224121093750e+02
dst volume info
valid = 1  # volume info valid
filename = /usr/local/freesurfer/subjects/3453/mri/norm.mgz
volume = 256 256 256
voxelsize = 1.000000000000000e+00 1.000000000000000e+00 1.000000000000000e+00
xras   = -9.999999403953552e-01 0.000000000000000e+00 0.000000000000000e+00
yras   = 0.000000000000000e+00 0.000000000000000e+00 -9.999999403953552e-01
zras   = 0.000000000000000e+00 9.999999403953552e-01 0.000000000000000e+00
cras   = 2.058138427734375e+02 2.950001831054688e+02 4.927224121093750e+02
