# transform file /usr/local/freesurfer/subjects/3584/mri/transforms/cc_up.lta
# created by ubuntu on Fri Jan 26 06:47:25 2018

type      = 0 # LINEAR_VOX_TO_VOX
nxforms   = 1
mean      = 127.0000 120.0000 111.0000
sigma     = 10000.0000
1 4 4
9.983977079391479e-01 1.855599321424961e-02 5.345665290951729e-02 -4.394134044647217e+00 
-1.852945238351822e-02 9.998277425765991e-01 -9.921120945364237e-04 3.045845222473145e+01 
-5.346585810184479e-02 -1.164153218269348e-10 9.985696673393250e-01 3.990803146362305e+01 
0.000000000000000e+00 0.000000000000000e+00 0.000000000000000e+00 1.000000000000000e+00 
src volume info
valid = 1  # volume info valid
filename = /usr/local/freesurfer/subjects/3584/mri/norm.mgz
volume = 256 256 256
voxelsize = 1.000000000000000e+00 1.000000000000000e+00 1.000000000000000e+00
xras   = -1.000000000000000e+00 0.000000000000000e+00 0.000000000000000e+00
yras   = 0.000000000000000e+00 0.000000000000000e+00 -1.000000000000000e+00
zras   = 0.000000000000000e+00 1.000000000000000e+00 0.000000000000000e+00
cras   = 2.065084838867188e+02 2.725000000000000e+02 5.426440429687500e+02
dst volume info
valid = 1  # volume info valid
filename = /usr/local/freesurfer/subjects/3584/mri/norm.mgz
volume = 256 256 256
voxelsize = 1.000000000000000e+00 1.000000000000000e+00 1.000000000000000e+00
xras   = -1.000000000000000e+00 0.000000000000000e+00 0.000000000000000e+00
yras   = 0.000000000000000e+00 0.000000000000000e+00 -1.000000000000000e+00
zras   = 0.000000000000000e+00 1.000000000000000e+00 0.000000000000000e+00
cras   = 2.065084838867188e+02 2.725000000000000e+02 5.426440429687500e+02
