# transform file /usr/local/freesurfer/subjects/3186/mri/transforms/cc_up.lta
# created by ubuntu on Mon Jan 22 08:44:54 2018

type      = 0 # LINEAR_VOX_TO_VOX
nxforms   = 1
mean      = 130.0000 124.0000 133.0000
sigma     = 10000.0000
1 4 4
9.975113272666931e-01 1.190910767763853e-02 -6.949329376220703e-02 7.566811084747314e+00 
-1.188031211495399e-02 9.999290704727173e-01 8.276618318632245e-04 2.743903160095215e+01 
6.949821859598160e-02 0.000000000000000e+00 9.975820779800415e-01 -8.686057090759277e+00 
0.000000000000000e+00 0.000000000000000e+00 0.000000000000000e+00 1.000000000000000e+00 
src volume info
valid = 1  # volume info valid
filename = /usr/local/freesurfer/subjects/3186/mri/norm.mgz
volume = 256 256 256
voxelsize = 1.000000000000000e+00 1.000000000000000e+00 1.000000000000000e+00
xras   = -9.999999403953552e-01 0.000000000000000e+00 0.000000000000000e+00
yras   = 0.000000000000000e+00 0.000000000000000e+00 -9.999999403953552e-01
zras   = 0.000000000000000e+00 9.999999403953552e-01 0.000000000000000e+00
cras   = 4.118493652343750e+02 4.653478393554688e+02 -3.677783966064453e+01
dst volume info
valid = 1  # volume info valid
filename = /usr/local/freesurfer/subjects/3186/mri/norm.mgz
volume = 256 256 256
voxelsize = 1.000000000000000e+00 1.000000000000000e+00 1.000000000000000e+00
xras   = -9.999999403953552e-01 0.000000000000000e+00 0.000000000000000e+00
yras   = 0.000000000000000e+00 0.000000000000000e+00 -9.999999403953552e-01
zras   = 0.000000000000000e+00 9.999999403953552e-01 0.000000000000000e+00
cras   = 4.118493652343750e+02 4.653478393554688e+02 -3.677783966064453e+01
