type      = 1 # LINEAR_RAS_TO_RAS
nxforms   = 1
mean      = 0.0000 0.0000 0.0000
sigma     = 1.0000
1 4 4
1.096277952194214e+00 7.992800325155258e-02 -6.304999813437462e-03 -4.873684082031250e+02 
-5.167999770492315e-03 1.098075032234192e+00 2.558329999446869e-01 -5.255419921875000e+02 
9.407999925315380e-03 -1.806489974260330e-01 1.077764987945557e+00 1.148502960205078e+02 
0.000000000000000e+00 0.000000000000000e+00 0.000000000000000e+00 1.000000000000000e+00 
src volume info
valid = 1  # volume info valid
filename = /usr/local/freesurfer/subjects/3186/mri/orig_nu.mgz
volume = 256 256 256
voxelsize = 1.000000000000000e+00 1.000000000000000e+00 1.000000000000000e+00
xras   = -9.999999403953552e-01 0.000000000000000e+00 0.000000000000000e+00
yras   = 0.000000000000000e+00 0.000000000000000e+00 -9.999999403953552e-01
zras   = 0.000000000000000e+00 9.999999403953552e-01 0.000000000000000e+00
cras   = 4.118493652343750e+02 4.653478393554688e+02 -3.677783966064453e+01
dst volume info
valid = 1  # volume info valid
filename = /usr/local/freesurfer/average/mni305.cor.mgz
volume = 256 256 256
voxelsize = 1.000000000000000e+00 1.000000000000000e+00 1.000000000000000e+00
xras   = -1.000000000000000e+00 0.000000000000000e+00 0.000000000000000e+00
yras   = 0.000000000000000e+00 0.000000000000000e+00 -1.000000000000000e+00
zras   = 0.000000000000000e+00 1.000000000000000e+00 0.000000000000000e+00
cras   = 0.000000000000000e+00 0.000000000000000e+00 0.000000000000000e+00
subject fsaverage
fscale 0.100000
