# transform file /usr/local/freesurfer/subjects/3213/mri/transforms/cc_up.lta
# created by ubuntu on Mon Jan 22 09:46:06 2018

type      = 0 # LINEAR_VOX_TO_VOX
nxforms   = 1
mean      = 129.0000 132.0000 133.0000
sigma     = 10000.0000
1 4 4
9.931520819664001e-01 -9.852103143930435e-02 -6.279127299785614e-02 2.342297363281250e+01 
9.832471609115601e-02 9.951350688934326e-01 -6.216504611074924e-03 1.102937984466553e+01 
6.309824436903000e-02 4.656613428188905e-10 9.980074167251587e-01 3.892481923103333e-01 
0.000000000000000e+00 0.000000000000000e+00 0.000000000000000e+00 1.000000000000000e+00 
src volume info
valid = 1  # volume info valid
filename = /usr/local/freesurfer/subjects/3213/mri/norm.mgz
volume = 256 256 256
voxelsize = 1.000000000000000e+00 1.000000000000000e+00 1.000000000000000e+00
xras   = -1.000000000000000e+00 0.000000000000000e+00 0.000000000000000e+00
yras   = 0.000000000000000e+00 0.000000000000000e+00 -1.000000000000000e+00
zras   = 0.000000000000000e+00 1.000000000000000e+00 0.000000000000000e+00
cras   = 7.393011474609375e+02 7.693441772460938e+02 3.992206573486328e+01
dst volume info
valid = 1  # volume info valid
filename = /usr/local/freesurfer/subjects/3213/mri/norm.mgz
volume = 256 256 256
voxelsize = 1.000000000000000e+00 1.000000000000000e+00 1.000000000000000e+00
xras   = -1.000000000000000e+00 0.000000000000000e+00 0.000000000000000e+00
yras   = 0.000000000000000e+00 0.000000000000000e+00 -1.000000000000000e+00
zras   = 0.000000000000000e+00 1.000000000000000e+00 0.000000000000000e+00
cras   = 7.393011474609375e+02 7.693441772460938e+02 3.992206573486328e+01
