# transform file /usr/local/freesurfer/subjects/3577/mri/transforms/cc_up.lta
# created by ubuntu on Fri Jan 26 07:19:35 2018

type      = 0 # LINEAR_VOX_TO_VOX
nxforms   = 1
mean      = 133.0000 118.0000 104.0000
sigma     = 10000.0000
1 4 4
9.963272809982300e-01 -1.446883194148540e-02 -8.439553529024124e-02 6.664030075073242e+00 
1.441720128059387e-02 9.998953342437744e-01 -1.221232698298991e-03 2.523365211486816e+01 
8.440437167882919e-02 0.000000000000000e+00 9.964315891265869e-01 3.229275894165039e+01 
0.000000000000000e+00 0.000000000000000e+00 0.000000000000000e+00 1.000000000000000e+00 
src volume info
valid = 1  # volume info valid
filename = /usr/local/freesurfer/subjects/3577/mri/norm.mgz
volume = 256 256 256
voxelsize = 1.000000000000000e+00 1.000000000000000e+00 1.000000000000000e+00
xras   = -1.000000000000000e+00 0.000000000000000e+00 0.000000000000000e+00
yras   = 0.000000000000000e+00 0.000000000000000e+00 -1.000000000000000e+00
zras   = 0.000000000000000e+00 1.000000000000000e+00 0.000000000000000e+00
cras   = 1.982128601074219e+02 2.725000000000000e+02 5.436168212890625e+02
dst volume info
valid = 1  # volume info valid
filename = /usr/local/freesurfer/subjects/3577/mri/norm.mgz
volume = 256 256 256
voxelsize = 1.000000000000000e+00 1.000000000000000e+00 1.000000000000000e+00
xras   = -1.000000000000000e+00 0.000000000000000e+00 0.000000000000000e+00
yras   = 0.000000000000000e+00 0.000000000000000e+00 -1.000000000000000e+00
zras   = 0.000000000000000e+00 1.000000000000000e+00 0.000000000000000e+00
cras   = 1.982128601074219e+02 2.725000000000000e+02 5.436168212890625e+02
