# transform file transforms/talairach.lta
# created by ubuntu on Thu Jan 25 23:53:51 2018

type      = 0 # LINEAR_VOX_TO_VOX
nxforms   = 1
mean      = 133.0000 119.0000 105.0000
sigma     = 10000.0000
1 4 4
1.030015587806702e+00 -3.309849649667740e-02 -6.779168546199799e-02 3.793610930442810e-01 
5.943477526307106e-02 9.526679515838623e-01 4.389924705028534e-01 -4.125411605834961e+01 
7.936504483222961e-02 -4.710245728492737e-01 8.114334940910339e-01 6.947980499267578e+01 
0.000000000000000e+00 0.000000000000000e+00 0.000000000000000e+00 1.000000000000000e+00 
src volume info
valid = 1  # volume info valid
filename = nu.mgz
volume = 256 256 256
voxelsize = 1.000000000000000e+00 1.000000000000000e+00 1.000000000000000e+00
xras   = -1.000000000000000e+00 0.000000000000000e+00 0.000000000000000e+00
yras   = 0.000000000000000e+00 0.000000000000000e+00 -1.000000000000000e+00
zras   = 0.000000000000000e+00 1.000000000000000e+00 0.000000000000000e+00
cras   = 1.982128601074219e+02 2.725000000000000e+02 5.436168212890625e+02
dst volume info
valid = 1  # volume info valid
filename = /usr/local/freesurfer/average/RB_all_2016-05-10.vc700.gca
volume = 256 256 256
voxelsize = 1.000000000000000e+00 1.000000000000000e+00 1.000000000000000e+00
xras   = -1.000000000000000e+00 0.000000000000000e+00 0.000000000000000e+00
yras   = 0.000000000000000e+00 0.000000000000000e+00 -1.000000000000000e+00
zras   = 0.000000000000000e+00 1.000000000000000e+00 0.000000000000000e+00
cras   = 0.000000000000000e+00 0.000000000000000e+00 0.000000000000000e+00
