# transform file /usr/local/freesurfer/subjects/3585/mri/transforms/cc_up.lta
# created by ubuntu on Fri Jan 26 06:38:09 2018

type      = 0 # LINEAR_VOX_TO_VOX
nxforms   = 1
mean      = 124.0000 102.0000 111.0000
sigma     = 10000.0000
1 4 4
9.972056746482849e-01 -6.824029982089996e-02 -3.039588034152985e-02 1.480985546112061e+01 
6.820861995220184e-02 9.976688623428345e-01 -2.079070778563619e-03 3.305454635620117e+01 
3.046690113842487e-02 2.328306158982940e-10 9.995356798171997e-01 2.631488609313965e+01 
0.000000000000000e+00 0.000000000000000e+00 0.000000000000000e+00 1.000000000000000e+00 
src volume info
valid = 1  # volume info valid
filename = /usr/local/freesurfer/subjects/3585/mri/norm.mgz
volume = 256 256 256
voxelsize = 1.000000000000000e+00 1.000000000000000e+00 1.000000000000000e+00
xras   = -1.000000000000000e+00 0.000000000000000e+00 0.000000000000000e+00
yras   = 0.000000000000000e+00 0.000000000000000e+00 -1.000000000000000e+00
zras   = 0.000000000000000e+00 1.000000000000000e+00 0.000000000000000e+00
cras   = 1.988551940917969e+02 3.078520812988281e+02 5.537232666015625e+02
dst volume info
valid = 1  # volume info valid
filename = /usr/local/freesurfer/subjects/3585/mri/norm.mgz
volume = 256 256 256
voxelsize = 1.000000000000000e+00 1.000000000000000e+00 1.000000000000000e+00
xras   = -1.000000000000000e+00 0.000000000000000e+00 0.000000000000000e+00
yras   = 0.000000000000000e+00 0.000000000000000e+00 -1.000000000000000e+00
zras   = 0.000000000000000e+00 1.000000000000000e+00 0.000000000000000e+00
cras   = 1.988551940917969e+02 3.078520812988281e+02 5.537232666015625e+02
