# transform file /usr/local/freesurfer/subjects/4098/mri/transforms/cc_up.lta
# created by ubuntu on Mon Jan 29 04:45:19 2018

type      = 0 # LINEAR_VOX_TO_VOX
nxforms   = 1
mean      = 130.0000 120.0000 120.0000
sigma     = 10000.0000
1 4 4
9.917455911636353e-01 1.155872046947479e-01 -5.549873039126396e-02 -5.068809509277344e+00 
-1.154066473245621e-01 9.932972192764282e-01 6.458231247961521e-03 3.990617752075195e+01 
5.587323009967804e-02 0.000000000000000e+00 9.984377622604370e-01 1.695481491088867e+01 
0.000000000000000e+00 0.000000000000000e+00 0.000000000000000e+00 1.000000000000000e+00 
src volume info
valid = 1  # volume info valid
filename = /usr/local/freesurfer/subjects/4098/mri/norm.mgz
volume = 256 256 256
voxelsize = 1.000000000000000e+00 1.000000000000000e+00 1.000000000000000e+00
xras   = -1.000000000000000e+00 0.000000000000000e+00 0.000000000000000e+00
yras   = 0.000000000000000e+00 0.000000000000000e+00 -1.000000000000000e+00
zras   = 0.000000000000000e+00 1.000000000000000e+00 0.000000000000000e+00
cras   = 1.997366027832031e+02 2.932003173828125e+02 4.851770019531250e+02
dst volume info
valid = 1  # volume info valid
filename = /usr/local/freesurfer/subjects/4098/mri/norm.mgz
volume = 256 256 256
voxelsize = 1.000000000000000e+00 1.000000000000000e+00 1.000000000000000e+00
xras   = -1.000000000000000e+00 0.000000000000000e+00 0.000000000000000e+00
yras   = 0.000000000000000e+00 0.000000000000000e+00 -1.000000000000000e+00
zras   = 0.000000000000000e+00 1.000000000000000e+00 0.000000000000000e+00
cras   = 1.997366027832031e+02 2.932003173828125e+02 4.851770019531250e+02
