# transform file /usr/local/freesurfer/subjects/3182/mri/transforms/cc_up.lta
# created by ubuntu on Mon Jan 22 08:31:41 2018

type      = 0 # LINEAR_VOX_TO_VOX
nxforms   = 1
mean      = 130.0000 121.0000 134.0000
sigma     = 10000.0000
1 4 4
9.998060464859009e-01 8.283060975372791e-03 1.787184178829193e-02 -3.125514745712280e+00 
-8.281737565994263e-03 9.999657869338989e-01 -1.480386126786470e-04 2.708265304565430e+01 
-1.787245459854603e-02 0.000000000000000e+00 9.998403191566467e-01 1.308276414871216e+00 
0.000000000000000e+00 0.000000000000000e+00 0.000000000000000e+00 1.000000000000000e+00 
src volume info
valid = 1  # volume info valid
filename = /usr/local/freesurfer/subjects/3182/mri/norm.mgz
volume = 256 256 256
voxelsize = 1.000000000000000e+00 1.000000000000000e+00 1.000000000000000e+00
xras   = -1.000000000000000e+00 0.000000000000000e+00 0.000000000000000e+00
yras   = 0.000000000000000e+00 0.000000000000000e+00 -1.000000000000000e+00
zras   = 0.000000000000000e+00 1.000000000000000e+00 0.000000000000000e+00
cras   = 2.119389648437500e+02 2.571073608398438e+02 5.167193603515625e+02
dst volume info
valid = 1  # volume info valid
filename = /usr/local/freesurfer/subjects/3182/mri/norm.mgz
volume = 256 256 256
voxelsize = 1.000000000000000e+00 1.000000000000000e+00 1.000000000000000e+00
xras   = -1.000000000000000e+00 0.000000000000000e+00 0.000000000000000e+00
yras   = 0.000000000000000e+00 0.000000000000000e+00 -1.000000000000000e+00
zras   = 0.000000000000000e+00 1.000000000000000e+00 0.000000000000000e+00
cras   = 2.119389648437500e+02 2.571073608398438e+02 5.167193603515625e+02
