# transform file /usr/local/freesurfer/subjects/3254/mri/transforms/cc_up.lta
# created by ubuntu on Tue Jan 23 13:04:18 2018

type      = 0 # LINEAR_VOX_TO_VOX
nxforms   = 1
mean      = 133.0000 112.0000 119.0000
sigma     = 10000.0000
1 4 4
9.998157024383545e-01 -1.851494610309601e-02 -5.092093255370855e-03 -1.705491304397583e+00 
1.851470582187176e-02 9.998286366462708e-01 -9.429599595023319e-05 3.156346702575684e+01 
5.092965904623270e-03 0.000000000000000e+00 9.999871253967285e-01 2.332398414611816e+01 
0.000000000000000e+00 0.000000000000000e+00 0.000000000000000e+00 1.000000000000000e+00 
src volume info
valid = 1  # volume info valid
filename = /usr/local/freesurfer/subjects/3254/mri/norm.mgz
volume = 256 256 256
voxelsize = 1.000000000000000e+00 1.000000000000000e+00 1.000000000000000e+00
xras   = -1.000000000000000e+00 0.000000000000000e+00 0.000000000000000e+00
yras   = 0.000000000000000e+00 0.000000000000000e+00 -1.000000000000000e+00
zras   = 0.000000000000000e+00 1.000000000000000e+00 0.000000000000000e+00
cras   = 1.677727661132812e+02 2.923417968750000e+02 5.526508789062500e+02
dst volume info
valid = 1  # volume info valid
filename = /usr/local/freesurfer/subjects/3254/mri/norm.mgz
volume = 256 256 256
voxelsize = 1.000000000000000e+00 1.000000000000000e+00 1.000000000000000e+00
xras   = -1.000000000000000e+00 0.000000000000000e+00 0.000000000000000e+00
yras   = 0.000000000000000e+00 0.000000000000000e+00 -1.000000000000000e+00
zras   = 0.000000000000000e+00 1.000000000000000e+00 0.000000000000000e+00
cras   = 1.677727661132812e+02 2.923417968750000e+02 5.526508789062500e+02
