# transform file /usr/local/freesurfer/subjects/4102/mri/transforms/cc_up.lta
# created by ubuntu on Mon Jan 29 05:30:22 2018

type      = 0 # LINEAR_VOX_TO_VOX
nxforms   = 1
mean      = 125.0000 122.0000 109.0000
sigma     = 10000.0000
1 4 4
9.995905756950378e-01 9.017877280712128e-03 -2.715803869068623e-02 5.693136692047119e+00 
-9.014551527798176e-03 9.999594688415527e-01 2.449178136885166e-04 1.909851455688477e+01 
2.715914323925972e-02 0.000000000000000e+00 9.996312260627747e-01 2.766804885864258e+01 
0.000000000000000e+00 0.000000000000000e+00 0.000000000000000e+00 1.000000000000000e+00 
src volume info
valid = 1  # volume info valid
filename = /usr/local/freesurfer/subjects/4102/mri/norm.mgz
volume = 256 256 256
voxelsize = 1.000000000000000e+00 1.000000000000000e+00 1.000000000000000e+00
xras   = -1.000000000000000e+00 0.000000000000000e+00 0.000000000000000e+00
yras   = 0.000000000000000e+00 0.000000000000000e+00 -1.000000000000000e+00
zras   = 0.000000000000000e+00 1.000000000000000e+00 0.000000000000000e+00
cras   = 2.113570556640625e+02 3.035611572265625e+02 4.982518310546875e+02
dst volume info
valid = 1  # volume info valid
filename = /usr/local/freesurfer/subjects/4102/mri/norm.mgz
volume = 256 256 256
voxelsize = 1.000000000000000e+00 1.000000000000000e+00 1.000000000000000e+00
xras   = -1.000000000000000e+00 0.000000000000000e+00 0.000000000000000e+00
yras   = 0.000000000000000e+00 0.000000000000000e+00 -1.000000000000000e+00
zras   = 0.000000000000000e+00 1.000000000000000e+00 0.000000000000000e+00
cras   = 2.113570556640625e+02 3.035611572265625e+02 4.982518310546875e+02
