# transform file transforms/talairach.lta
# created by ubuntu on Sun Jan 28 19:41:09 2018

type      = 0 # LINEAR_VOX_TO_VOX
nxforms   = 1
mean      = 125.0000 121.0000 109.0000
sigma     = 10000.0000
1 4 4
9.032183885574341e-01 4.090419411659241e-02 8.139052079059184e-04 7.899845123291016e+00 
-2.837242558598518e-02 9.895706176757812e-01 4.554118216037750e-01 -4.130538177490234e+01 
1.509048510342836e-02 -4.645865857601166e-01 8.743427395820618e-01 6.964322662353516e+01 
0.000000000000000e+00 0.000000000000000e+00 0.000000000000000e+00 1.000000000000000e+00 
src volume info
valid = 1  # volume info valid
filename = nu.mgz
volume = 256 256 256
voxelsize = 1.000000000000000e+00 1.000000000000000e+00 1.000000000000000e+00
xras   = -1.000000000000000e+00 0.000000000000000e+00 0.000000000000000e+00
yras   = 0.000000000000000e+00 0.000000000000000e+00 -1.000000000000000e+00
zras   = 0.000000000000000e+00 1.000000000000000e+00 0.000000000000000e+00
cras   = 2.113570556640625e+02 3.035611572265625e+02 4.982518310546875e+02
dst volume info
valid = 1  # volume info valid
filename = /usr/local/freesurfer/average/RB_all_2016-05-10.vc700.gca
volume = 256 256 256
voxelsize = 1.000000000000000e+00 1.000000000000000e+00 1.000000000000000e+00
xras   = -1.000000000000000e+00 0.000000000000000e+00 0.000000000000000e+00
yras   = 0.000000000000000e+00 0.000000000000000e+00 -1.000000000000000e+00
zras   = 0.000000000000000e+00 1.000000000000000e+00 0.000000000000000e+00
cras   = 0.000000000000000e+00 0.000000000000000e+00 0.000000000000000e+00
