# transform file /usr/local/freesurfer/subjects/3853/mri/transforms/cc_up.lta
# created by ubuntu on Sat Jan 27 10:31:13 2018

type      = 0 # LINEAR_VOX_TO_VOX
nxforms   = 1
mean      = 128.0000 103.0000 110.0000
sigma     = 10000.0000
1 4 4
9.997821450233459e-01 8.461005985736847e-03 -1.908522285521030e-02 2.259541034698486e+00 
-8.459465578198433e-03 9.999642968177795e-01 1.614859647816047e-04 4.906953811645508e+01 
1.908590644598007e-02 0.000000000000000e+00 9.998179078102112e-01 2.557522010803223e+01 
0.000000000000000e+00 0.000000000000000e+00 0.000000000000000e+00 1.000000000000000e+00 
src volume info
valid = 1  # volume info valid
filename = /usr/local/freesurfer/subjects/3853/mri/norm.mgz
volume = 256 256 256
voxelsize = 1.000000000000000e+00 1.000000000000000e+00 1.000000000000000e+00
xras   = -1.000000000000000e+00 0.000000000000000e+00 0.000000000000000e+00
yras   = 0.000000000000000e+00 0.000000000000000e+00 -1.000000000000000e+00
zras   = 0.000000000000000e+00 1.000000000000000e+00 0.000000000000000e+00
cras   = 2.180887451171875e+02 2.763295898437500e+02 5.035969238281250e+02
dst volume info
valid = 1  # volume info valid
filename = /usr/local/freesurfer/subjects/3853/mri/norm.mgz
volume = 256 256 256
voxelsize = 1.000000000000000e+00 1.000000000000000e+00 1.000000000000000e+00
xras   = -1.000000000000000e+00 0.000000000000000e+00 0.000000000000000e+00
yras   = 0.000000000000000e+00 0.000000000000000e+00 -1.000000000000000e+00
zras   = 0.000000000000000e+00 1.000000000000000e+00 0.000000000000000e+00
cras   = 2.180887451171875e+02 2.763295898437500e+02 5.035969238281250e+02
